380981821296
380671303852
380671230547
380672134483
380672115123
380672671078
380672648508
380672669642
380672671146
380672669627
380972035984
380981874343
380981845703
380981850933
380673991295
380682970516
380682973147
380675029697
380682990618
380676974904
380682949387
380981657029
380981842976
380981843763
380981847491
380981807123
380981808992
380981808996
380981813856
380981830749
380981855992
380981858488
380981859323
380981862432
380981884199
380682996177
380981820715
380981825397
380981826724
380981868972
380676999435
380676999504
380676985415
380981894820
380981895450
380676988708
380981818621
380981822118
380981843565
380981864094
380981886559
380981887308
380979598464
380981802180
380981806072
380981806129
380981806821
380981806958
380981811480
380981811507
380981811886
380981811913
380981811990
380981812077
380981812242
380981812434
380981812442
380981812518
380981812591
380981812596
380981818404
380981820977
380981820995
380981821241
380671126841
380671139817
380671153109
380671112943
380671089668
380671126692
380671064508
380671256152
380671088943
380671202300
380671249649
380671287590
380671194983
380671279465
380671219390
380671320403
380671368679
380671261060
380671292796
380671380317
380671273609
380671274054
380671075079
380671434013
380671431487
380671445249
380671257338
380671360703
380671173960
380671434231
380671245814
380671031742
380671174796
380671035173
380671249034
380671089315
380671106934
380671393643
380671751086
380671752366
380671751938
380671750731
380671734623
380671735218
380671735024
380671735126
380671736445
380671736402
380671735258
380671735730
380671735405
380671742680
380671773734
380671773428
380671774084
380671774024
380671773497
380671773912
380671782417
380671715457
380671717342
380671718613
380671718123
380671716063
380671718231
380671817261
380671809864
380671840878
380671844342
380671840571
380671840673
380671840867
380671840566
380671872458
380671889628
380671889549
380671889490
380671896974
380671894191
380671896848
380671894871
380671894109
380671915934
380671915684
380671915257
380671916272
380671914899
380671915908
380671915797
380671915697
380671916152
380671916053
380671916236
380671833184
380671833970
380671832210
380671925162
380671958385
380671958341
380671957243
380671957705
380671958659
380671313859
380671958578
380671957619
380671958504
380671957937
380671973841
380671977873
380671976265
380671977782
380987649782
380675760235
380676375741
380674724531
380982355847
380676278812
380679325615
380673371940
380678246483
380671308327
380671987324
380676581969
380672001750
380672118401
380672118458
380672118514
380672105116
380672108975
380672126541
380672137027
380672136421
380672136496
380672502119
380672126378
380672502029
380671353850
380672043589
380672045063
380672041558
380672034383
380672041591
380671074734
380672045109
380672041371
380672034271
380672033522
380671467993
380671158506
380672116130
380672119131
380672129134
380672116030
380672127767
380672503530
380672505610
380672503570
380672129185
380672503629
380672503175
380672505310
380671037104
380672505281
380672454293
380672505780
380672505670
380672133205
380672503474
380672503132
380672572916
380672573475
380672573693
380672574174
380671994185
380672564978
380672529821
380672564984
380672564852
380672135946
380672529721
380672627623
380672626883
380672628508
380672558128
380672558067
380672558232
380672558043
380672556731
380672561353
380672556797
380672558502
380672557931
380672557194
380672557910
380672557051
380672558348
380672561308
380682996239
380981682243
380981397992
380671782053
380675026532
380682991130
380981823317
380676948035
380981884193
380676970491
380981851125
380981851417
380981854958
380981856680
380981805536
380981394059
380972020031
380981819248
380981819309
380972039834
380981823659
380675033747
380682990552
380972021802
380981805263
380671200262
380671130952
380671208794
380671235982
380671227295
380671194575
380671268331
380671347930
380671077605
380981886181
380671438242
380671250746
380671359401
380671400662
380671423102
380981883798
380671799954
380671800189
380671872567
380671872278
380671843267
380671829810
380671843305
380671843578
380671844193
380671843453
380671843689
380671845125
380671843633
380671847902
380671958617
380671956704
380671958712
380671957659
380675668348
380673043675
380677065631
380675164247
380672039376
380672039273
380672039044
380672102473
380672102495
380672116008
380671107192
380672579415
380672527943
380981682334
380672714569
380672717831
